{
 "cells": [
  {
   "cell_type": "code",
   "execution_count": 33,
   "metadata": {},
   "outputs": [],
   "source": [
    "# Libraries Used\n",
    "import numpy as np\n",
    "import pandas as pd\n",
    "import matplotlib.pyplot as plt\n",
    "from sklearn.tree import DecisionTreeRegressor\n",
    "from sklearn.metrics import mean_absolute_error\n",
    "from sklearn.model_selection import train_test_split\n",
    "from sklearn import preprocessing\n",
    "from sklearn.ensemble import RandomForestRegressor\n",
    "from sklearn.ensemble import RandomForestClassifier\n",
    "from sklearn.tree import DecisionTreeClassifier\n",
    "from sklearn.metrics import accuracy_score"
   ]
  },
  {
   "cell_type": "code",
   "execution_count": 34,
   "metadata": {},
   "outputs": [],
   "source": [
    "# Data Collected\n",
    "gender_submission= pd.read_csv(\"./gender_submission.csv\")\n",
    "test= pd.read_csv(\"./test.csv\")\n",
    "train= pd.read_csv(\"./train.csv\")"
   ]
  },
  {
   "cell_type": "code",
   "execution_count": 35,
   "metadata": {},
   "outputs": [],
   "source": [
    "test['FormalName']=test['Name'].str.split(\",\",expand=True)[1].str.split(\".\",expand=True)[0]\n",
    "train['FormalName']=train['Name'].str.split(\",\",expand=True)[1].str.split(\".\",expand=True)[0]\n"
   ]
  },
  {
   "cell_type": "code",
   "execution_count": 36,
   "metadata": {},
   "outputs": [
    {
     "data": {
      "text/html": [
       "<div>\n",
       "<style scoped>\n",
       "    .dataframe tbody tr th:only-of-type {\n",
       "        vertical-align: middle;\n",
       "    }\n",
       "\n",
       "    .dataframe tbody tr th {\n",
       "        vertical-align: top;\n",
       "    }\n",
       "\n",
       "    .dataframe thead th {\n",
       "        text-align: right;\n",
       "    }\n",
       "</style>\n",
       "<table border=\"1\" class=\"dataframe\">\n",
       "  <thead>\n",
       "    <tr style=\"text-align: right;\">\n",
       "      <th></th>\n",
       "      <th>PassengerId</th>\n",
       "      <th>Survived</th>\n",
       "      <th>Pclass</th>\n",
       "      <th>Name</th>\n",
       "      <th>Sex</th>\n",
       "      <th>Age</th>\n",
       "      <th>SibSp</th>\n",
       "      <th>Parch</th>\n",
       "      <th>Ticket</th>\n",
       "      <th>Fare</th>\n",
       "      <th>Cabin</th>\n",
       "      <th>Embarked</th>\n",
       "      <th>FormalName</th>\n",
       "    </tr>\n",
       "  </thead>\n",
       "  <tbody>\n",
       "    <tr>\n",
       "      <th>0</th>\n",
       "      <td>1</td>\n",
       "      <td>0</td>\n",
       "      <td>3</td>\n",
       "      <td>Braund, Mr. Owen Harris</td>\n",
       "      <td>male</td>\n",
       "      <td>22.0</td>\n",
       "      <td>1</td>\n",
       "      <td>0</td>\n",
       "      <td>A/5 21171</td>\n",
       "      <td>7.2500</td>\n",
       "      <td>NaN</td>\n",
       "      <td>S</td>\n",
       "      <td>Mr</td>\n",
       "    </tr>\n",
       "    <tr>\n",
       "      <th>1</th>\n",
       "      <td>2</td>\n",
       "      <td>1</td>\n",
       "      <td>1</td>\n",
       "      <td>Cumings, Mrs. John Bradley (Florence Briggs Th...</td>\n",
       "      <td>female</td>\n",
       "      <td>38.0</td>\n",
       "      <td>1</td>\n",
       "      <td>0</td>\n",
       "      <td>PC 17599</td>\n",
       "      <td>71.2833</td>\n",
       "      <td>C85</td>\n",
       "      <td>C</td>\n",
       "      <td>Mrs</td>\n",
       "    </tr>\n",
       "    <tr>\n",
       "      <th>2</th>\n",
       "      <td>3</td>\n",
       "      <td>1</td>\n",
       "      <td>3</td>\n",
       "      <td>Heikkinen, Miss. Laina</td>\n",
       "      <td>female</td>\n",
       "      <td>26.0</td>\n",
       "      <td>0</td>\n",
       "      <td>0</td>\n",
       "      <td>STON/O2. 3101282</td>\n",
       "      <td>7.9250</td>\n",
       "      <td>NaN</td>\n",
       "      <td>S</td>\n",
       "      <td>Miss</td>\n",
       "    </tr>\n",
       "    <tr>\n",
       "      <th>3</th>\n",
       "      <td>4</td>\n",
       "      <td>1</td>\n",
       "      <td>1</td>\n",
       "      <td>Futrelle, Mrs. Jacques Heath (Lily May Peel)</td>\n",
       "      <td>female</td>\n",
       "      <td>35.0</td>\n",
       "      <td>1</td>\n",
       "      <td>0</td>\n",
       "      <td>113803</td>\n",
       "      <td>53.1000</td>\n",
       "      <td>C123</td>\n",
       "      <td>S</td>\n",
       "      <td>Mrs</td>\n",
       "    </tr>\n",
       "    <tr>\n",
       "      <th>4</th>\n",
       "      <td>5</td>\n",
       "      <td>0</td>\n",
       "      <td>3</td>\n",
       "      <td>Allen, Mr. William Henry</td>\n",
       "      <td>male</td>\n",
       "      <td>35.0</td>\n",
       "      <td>0</td>\n",
       "      <td>0</td>\n",
       "      <td>373450</td>\n",
       "      <td>8.0500</td>\n",
       "      <td>NaN</td>\n",
       "      <td>S</td>\n",
       "      <td>Mr</td>\n",
       "    </tr>\n",
       "  </tbody>\n",
       "</table>\n",
       "</div>"
      ],
      "text/plain": [
       "   PassengerId  Survived  Pclass  \\\n",
       "0            1         0       3   \n",
       "1            2         1       1   \n",
       "2            3         1       3   \n",
       "3            4         1       1   \n",
       "4            5         0       3   \n",
       "\n",
       "                                                Name     Sex   Age  SibSp  \\\n",
       "0                            Braund, Mr. Owen Harris    male  22.0      1   \n",
       "1  Cumings, Mrs. John Bradley (Florence Briggs Th...  female  38.0      1   \n",
       "2                             Heikkinen, Miss. Laina  female  26.0      0   \n",
       "3       Futrelle, Mrs. Jacques Heath (Lily May Peel)  female  35.0      1   \n",
       "4                           Allen, Mr. William Henry    male  35.0      0   \n",
       "\n",
       "   Parch            Ticket     Fare Cabin Embarked FormalName  \n",
       "0      0         A/5 21171   7.2500   NaN        S         Mr  \n",
       "1      0          PC 17599  71.2833   C85        C        Mrs  \n",
       "2      0  STON/O2. 3101282   7.9250   NaN        S       Miss  \n",
       "3      0            113803  53.1000  C123        S        Mrs  \n",
       "4      0            373450   8.0500   NaN        S         Mr  "
      ]
     },
     "execution_count": 36,
     "metadata": {},
     "output_type": "execute_result"
    }
   ],
   "source": [
    "train.head()"
   ]
  },
  {
   "cell_type": "code",
   "execution_count": 37,
   "metadata": {},
   "outputs": [
    {
     "data": {
      "text/plain": [
       "0         Mr\n",
       "1        Mrs\n",
       "2       Miss\n",
       "3        Mrs\n",
       "4         Mr\n",
       "       ...  \n",
       "886      Rev\n",
       "887     Miss\n",
       "888     Miss\n",
       "889       Mr\n",
       "890       Mr\n",
       "Name: FormalName, Length: 891, dtype: object"
      ]
     },
     "execution_count": 37,
     "metadata": {},
     "output_type": "execute_result"
    }
   ],
   "source": [
    "train.FormalName"
   ]
  },
  {
   "cell_type": "code",
   "execution_count": 50,
   "metadata": {},
   "outputs": [
    {
     "data": {
      "text/html": [
       "<div>\n",
       "<style scoped>\n",
       "    .dataframe tbody tr th:only-of-type {\n",
       "        vertical-align: middle;\n",
       "    }\n",
       "\n",
       "    .dataframe tbody tr th {\n",
       "        vertical-align: top;\n",
       "    }\n",
       "\n",
       "    .dataframe thead th {\n",
       "        text-align: right;\n",
       "    }\n",
       "</style>\n",
       "<table border=\"1\" class=\"dataframe\">\n",
       "  <thead>\n",
       "    <tr style=\"text-align: right;\">\n",
       "      <th></th>\n",
       "      <th>PassengerId</th>\n",
       "      <th>Survived</th>\n",
       "      <th>Pclass</th>\n",
       "      <th>Sex</th>\n",
       "      <th>Age</th>\n",
       "      <th>SibSp</th>\n",
       "      <th>Parch</th>\n",
       "      <th>Fare</th>\n",
       "      <th>Embarked</th>\n",
       "      <th>FormalName</th>\n",
       "    </tr>\n",
       "  </thead>\n",
       "  <tbody>\n",
       "    <tr>\n",
       "      <th>PassengerId</th>\n",
       "      <td>1.000000</td>\n",
       "      <td>0.092210</td>\n",
       "      <td>-0.087215</td>\n",
       "      <td>-0.001569</td>\n",
       "      <td>1.000000</td>\n",
       "      <td>-0.033760</td>\n",
       "      <td>-0.050156</td>\n",
       "      <td>-0.016736</td>\n",
       "      <td>0.027180</td>\n",
       "      <td>0.063237</td>\n",
       "    </tr>\n",
       "    <tr>\n",
       "      <th>Survived</th>\n",
       "      <td>0.092210</td>\n",
       "      <td>1.000000</td>\n",
       "      <td>0.001163</td>\n",
       "      <td>-0.548320</td>\n",
       "      <td>0.092210</td>\n",
       "      <td>0.146362</td>\n",
       "      <td>0.061423</td>\n",
       "      <td>0.149746</td>\n",
       "      <td>-0.109695</td>\n",
       "      <td>-0.053599</td>\n",
       "    </tr>\n",
       "    <tr>\n",
       "      <th>Pclass</th>\n",
       "      <td>-0.087215</td>\n",
       "      <td>0.001163</td>\n",
       "      <td>1.000000</td>\n",
       "      <td>-0.071882</td>\n",
       "      <td>-0.087215</td>\n",
       "      <td>-0.092206</td>\n",
       "      <td>0.080297</td>\n",
       "      <td>-0.449626</td>\n",
       "      <td>0.154241</td>\n",
       "      <td>-0.037300</td>\n",
       "    </tr>\n",
       "    <tr>\n",
       "      <th>Sex</th>\n",
       "      <td>-0.001569</td>\n",
       "      <td>-0.548320</td>\n",
       "      <td>-0.071882</td>\n",
       "      <td>1.000000</td>\n",
       "      <td>-0.001569</td>\n",
       "      <td>-0.142187</td>\n",
       "      <td>-0.122391</td>\n",
       "      <td>-0.193768</td>\n",
       "      <td>0.072189</td>\n",
       "      <td>-0.039051</td>\n",
       "    </tr>\n",
       "    <tr>\n",
       "      <th>Age</th>\n",
       "      <td>1.000000</td>\n",
       "      <td>0.092210</td>\n",
       "      <td>-0.087215</td>\n",
       "      <td>-0.001569</td>\n",
       "      <td>1.000000</td>\n",
       "      <td>-0.033760</td>\n",
       "      <td>-0.050156</td>\n",
       "      <td>-0.016736</td>\n",
       "      <td>0.027180</td>\n",
       "      <td>0.063237</td>\n",
       "    </tr>\n",
       "    <tr>\n",
       "      <th>SibSp</th>\n",
       "      <td>-0.033760</td>\n",
       "      <td>0.146362</td>\n",
       "      <td>-0.092206</td>\n",
       "      <td>-0.142187</td>\n",
       "      <td>-0.033760</td>\n",
       "      <td>1.000000</td>\n",
       "      <td>0.180695</td>\n",
       "      <td>0.317947</td>\n",
       "      <td>-0.041536</td>\n",
       "      <td>0.108508</td>\n",
       "    </tr>\n",
       "    <tr>\n",
       "      <th>Parch</th>\n",
       "      <td>-0.050156</td>\n",
       "      <td>0.061423</td>\n",
       "      <td>0.080297</td>\n",
       "      <td>-0.122391</td>\n",
       "      <td>-0.050156</td>\n",
       "      <td>0.180695</td>\n",
       "      <td>1.000000</td>\n",
       "      <td>0.263646</td>\n",
       "      <td>0.027988</td>\n",
       "      <td>-0.115684</td>\n",
       "    </tr>\n",
       "    <tr>\n",
       "      <th>Fare</th>\n",
       "      <td>-0.016736</td>\n",
       "      <td>0.149746</td>\n",
       "      <td>-0.449626</td>\n",
       "      <td>-0.193768</td>\n",
       "      <td>-0.016736</td>\n",
       "      <td>0.317947</td>\n",
       "      <td>0.263646</td>\n",
       "      <td>1.000000</td>\n",
       "      <td>-0.214516</td>\n",
       "      <td>-0.014206</td>\n",
       "    </tr>\n",
       "    <tr>\n",
       "      <th>Embarked</th>\n",
       "      <td>0.027180</td>\n",
       "      <td>-0.109695</td>\n",
       "      <td>0.154241</td>\n",
       "      <td>0.072189</td>\n",
       "      <td>0.027180</td>\n",
       "      <td>-0.041536</td>\n",
       "      <td>0.027988</td>\n",
       "      <td>-0.214516</td>\n",
       "      <td>1.000000</td>\n",
       "      <td>0.002739</td>\n",
       "    </tr>\n",
       "    <tr>\n",
       "      <th>FormalName</th>\n",
       "      <td>0.063237</td>\n",
       "      <td>-0.053599</td>\n",
       "      <td>-0.037300</td>\n",
       "      <td>-0.039051</td>\n",
       "      <td>0.063237</td>\n",
       "      <td>0.108508</td>\n",
       "      <td>-0.115684</td>\n",
       "      <td>-0.014206</td>\n",
       "      <td>0.002739</td>\n",
       "      <td>1.000000</td>\n",
       "    </tr>\n",
       "  </tbody>\n",
       "</table>\n",
       "</div>"
      ],
      "text/plain": [
       "             PassengerId  Survived    Pclass       Sex       Age     SibSp  \\\n",
       "PassengerId     1.000000  0.092210 -0.087215 -0.001569  1.000000 -0.033760   \n",
       "Survived        0.092210  1.000000  0.001163 -0.548320  0.092210  0.146362   \n",
       "Pclass         -0.087215  0.001163  1.000000 -0.071882 -0.087215 -0.092206   \n",
       "Sex            -0.001569 -0.548320 -0.071882  1.000000 -0.001569 -0.142187   \n",
       "Age             1.000000  0.092210 -0.087215 -0.001569  1.000000 -0.033760   \n",
       "SibSp          -0.033760  0.146362 -0.092206 -0.142187 -0.033760  1.000000   \n",
       "Parch          -0.050156  0.061423  0.080297 -0.122391 -0.050156  0.180695   \n",
       "Fare           -0.016736  0.149746 -0.449626 -0.193768 -0.016736  0.317947   \n",
       "Embarked        0.027180 -0.109695  0.154241  0.072189  0.027180 -0.041536   \n",
       "FormalName      0.063237 -0.053599 -0.037300 -0.039051  0.063237  0.108508   \n",
       "\n",
       "                Parch      Fare  Embarked  FormalName  \n",
       "PassengerId -0.050156 -0.016736  0.027180    0.063237  \n",
       "Survived     0.061423  0.149746 -0.109695   -0.053599  \n",
       "Pclass       0.080297 -0.449626  0.154241   -0.037300  \n",
       "Sex         -0.122391 -0.193768  0.072189   -0.039051  \n",
       "Age         -0.050156 -0.016736  0.027180    0.063237  \n",
       "SibSp        0.180695  0.317947 -0.041536    0.108508  \n",
       "Parch        1.000000  0.263646  0.027988   -0.115684  \n",
       "Fare         0.263646  1.000000 -0.214516   -0.014206  \n",
       "Embarked     0.027988 -0.214516  1.000000    0.002739  \n",
       "FormalName  -0.115684 -0.014206  0.002739    1.000000  "
      ]
     },
     "execution_count": 50,
     "metadata": {},
     "output_type": "execute_result"
    }
   ],
   "source": [
    "temp=train.dropna()\n",
    "temp.describe()\n",
    "temp.corr(method ='kendall')"
   ]
  },
  {
   "cell_type": "code",
   "execution_count": 38,
   "metadata": {},
   "outputs": [],
   "source": [
    "# Fixing data\n",
    "\n",
    "# Replace missing values\n",
    "train['Age'] = train.groupby('FormalName').transform(lambda x: x.fillna(x.mean()))\n",
    "test['Age'] = test.groupby('FormalName').transform(lambda x: x.fillna(x.mean()))\n",
    "train.fillna(train.mean(), inplace=True)\n",
    "test.fillna(test.mean(), inplace=True)\n",
    "\n",
    "# Sex encoder\n",
    "sex_le = preprocessing.LabelEncoder()\n",
    "sex_le.fit(train.Sex)\n",
    "train.Sex = sex_le.transform(train.Sex)\n",
    "test.Sex = sex_le.transform(test.Sex)\n",
    "\n",
    "# Embarked encoder\n",
    "emb_le = preprocessing.LabelEncoder()\n",
    "emb_le.fit(train.Embarked)\n",
    "train.Embarked = emb_le.transform(train.Embarked)\n",
    "test.Embarked = emb_le.transform(test.Embarked)\n",
    "\n",
    "# Formal Name encoder\n",
    "frm_le = preprocessing.LabelEncoder()\n",
    "frm_le.fit(train.FormalName.append(test.FormalName))\n",
    "train.FormalName = frm_le.transform(train.FormalName)\n",
    "test.FormalName = frm_le.transform(test.FormalName)\n",
    "\n",
    "\n",
    "# Cabin encoder\n",
    "#cab_le = preprocessing.LabelEncoder()\n",
    "#cab_le.fit(train.Cabin)\n",
    "#train.Cabin = cab_le.transform(train.Cabin)\n",
    "#test.Cabin = cab_le.transform(test.Cabin)\n"
   ]
  },
  {
   "cell_type": "code",
   "execution_count": 39,
   "metadata": {},
   "outputs": [
    {
     "data": {
      "text/html": [
       "<div>\n",
       "<style scoped>\n",
       "    .dataframe tbody tr th:only-of-type {\n",
       "        vertical-align: middle;\n",
       "    }\n",
       "\n",
       "    .dataframe tbody tr th {\n",
       "        vertical-align: top;\n",
       "    }\n",
       "\n",
       "    .dataframe thead th {\n",
       "        text-align: right;\n",
       "    }\n",
       "</style>\n",
       "<table border=\"1\" class=\"dataframe\">\n",
       "  <thead>\n",
       "    <tr style=\"text-align: right;\">\n",
       "      <th></th>\n",
       "      <th>PassengerId</th>\n",
       "      <th>Survived</th>\n",
       "      <th>Pclass</th>\n",
       "      <th>Sex</th>\n",
       "      <th>Age</th>\n",
       "      <th>SibSp</th>\n",
       "      <th>Parch</th>\n",
       "      <th>Fare</th>\n",
       "      <th>Embarked</th>\n",
       "      <th>FormalName</th>\n",
       "    </tr>\n",
       "  </thead>\n",
       "  <tbody>\n",
       "    <tr>\n",
       "      <th>PassengerId</th>\n",
       "      <td>1.000000</td>\n",
       "      <td>-0.004090</td>\n",
       "      <td>-0.026824</td>\n",
       "      <td>0.035079</td>\n",
       "      <td>1.000000</td>\n",
       "      <td>-0.048394</td>\n",
       "      <td>0.000798</td>\n",
       "      <td>-0.008921</td>\n",
       "      <td>0.014102</td>\n",
       "      <td>0.039113</td>\n",
       "    </tr>\n",
       "    <tr>\n",
       "      <th>Survived</th>\n",
       "      <td>-0.004090</td>\n",
       "      <td>1.000000</td>\n",
       "      <td>-0.323533</td>\n",
       "      <td>-0.543351</td>\n",
       "      <td>-0.004090</td>\n",
       "      <td>0.085915</td>\n",
       "      <td>0.133933</td>\n",
       "      <td>0.266229</td>\n",
       "      <td>-0.150419</td>\n",
       "      <td>-0.076397</td>\n",
       "    </tr>\n",
       "    <tr>\n",
       "      <th>Pclass</th>\n",
       "      <td>-0.026824</td>\n",
       "      <td>-0.323533</td>\n",
       "      <td>1.000000</td>\n",
       "      <td>0.129325</td>\n",
       "      <td>-0.026824</td>\n",
       "      <td>-0.039552</td>\n",
       "      <td>-0.021019</td>\n",
       "      <td>-0.573531</td>\n",
       "      <td>0.075442</td>\n",
       "      <td>-0.064410</td>\n",
       "    </tr>\n",
       "    <tr>\n",
       "      <th>Sex</th>\n",
       "      <td>0.035079</td>\n",
       "      <td>-0.543351</td>\n",
       "      <td>0.129325</td>\n",
       "      <td>1.000000</td>\n",
       "      <td>0.035079</td>\n",
       "      <td>-0.188694</td>\n",
       "      <td>-0.246536</td>\n",
       "      <td>-0.213480</td>\n",
       "      <td>0.106798</td>\n",
       "      <td>0.080593</td>\n",
       "    </tr>\n",
       "    <tr>\n",
       "      <th>Age</th>\n",
       "      <td>1.000000</td>\n",
       "      <td>-0.004090</td>\n",
       "      <td>-0.026824</td>\n",
       "      <td>0.035079</td>\n",
       "      <td>1.000000</td>\n",
       "      <td>-0.048394</td>\n",
       "      <td>0.000798</td>\n",
       "      <td>-0.008921</td>\n",
       "      <td>0.014102</td>\n",
       "      <td>0.039113</td>\n",
       "    </tr>\n",
       "    <tr>\n",
       "      <th>SibSp</th>\n",
       "      <td>-0.048394</td>\n",
       "      <td>0.085915</td>\n",
       "      <td>-0.039552</td>\n",
       "      <td>-0.188694</td>\n",
       "      <td>-0.048394</td>\n",
       "      <td>1.000000</td>\n",
       "      <td>0.425241</td>\n",
       "      <td>0.358262</td>\n",
       "      <td>0.007914</td>\n",
       "      <td>-0.013242</td>\n",
       "    </tr>\n",
       "    <tr>\n",
       "      <th>Parch</th>\n",
       "      <td>0.000798</td>\n",
       "      <td>0.133933</td>\n",
       "      <td>-0.021019</td>\n",
       "      <td>-0.246536</td>\n",
       "      <td>0.000798</td>\n",
       "      <td>0.425241</td>\n",
       "      <td>1.000000</td>\n",
       "      <td>0.330360</td>\n",
       "      <td>0.024229</td>\n",
       "      <td>-0.117400</td>\n",
       "    </tr>\n",
       "    <tr>\n",
       "      <th>Fare</th>\n",
       "      <td>-0.008921</td>\n",
       "      <td>0.266229</td>\n",
       "      <td>-0.573531</td>\n",
       "      <td>-0.213480</td>\n",
       "      <td>-0.008921</td>\n",
       "      <td>0.358262</td>\n",
       "      <td>0.330360</td>\n",
       "      <td>1.000000</td>\n",
       "      <td>-0.046889</td>\n",
       "      <td>-0.002291</td>\n",
       "    </tr>\n",
       "    <tr>\n",
       "      <th>Embarked</th>\n",
       "      <td>0.014102</td>\n",
       "      <td>-0.150419</td>\n",
       "      <td>0.075442</td>\n",
       "      <td>0.106798</td>\n",
       "      <td>0.014102</td>\n",
       "      <td>0.007914</td>\n",
       "      <td>0.024229</td>\n",
       "      <td>-0.046889</td>\n",
       "      <td>1.000000</td>\n",
       "      <td>0.066234</td>\n",
       "    </tr>\n",
       "    <tr>\n",
       "      <th>FormalName</th>\n",
       "      <td>0.039113</td>\n",
       "      <td>-0.076397</td>\n",
       "      <td>-0.064410</td>\n",
       "      <td>0.080593</td>\n",
       "      <td>0.039113</td>\n",
       "      <td>-0.013242</td>\n",
       "      <td>-0.117400</td>\n",
       "      <td>-0.002291</td>\n",
       "      <td>0.066234</td>\n",
       "      <td>1.000000</td>\n",
       "    </tr>\n",
       "  </tbody>\n",
       "</table>\n",
       "</div>"
      ],
      "text/plain": [
       "             PassengerId  Survived    Pclass       Sex       Age     SibSp  \\\n",
       "PassengerId     1.000000 -0.004090 -0.026824  0.035079  1.000000 -0.048394   \n",
       "Survived       -0.004090  1.000000 -0.323533 -0.543351 -0.004090  0.085915   \n",
       "Pclass         -0.026824 -0.323533  1.000000  0.129325 -0.026824 -0.039552   \n",
       "Sex             0.035079 -0.543351  0.129325  1.000000  0.035079 -0.188694   \n",
       "Age             1.000000 -0.004090 -0.026824  0.035079  1.000000 -0.048394   \n",
       "SibSp          -0.048394  0.085915 -0.039552 -0.188694 -0.048394  1.000000   \n",
       "Parch           0.000798  0.133933 -0.021019 -0.246536  0.000798  0.425241   \n",
       "Fare           -0.008921  0.266229 -0.573531 -0.213480 -0.008921  0.358262   \n",
       "Embarked        0.014102 -0.150419  0.075442  0.106798  0.014102  0.007914   \n",
       "FormalName      0.039113 -0.076397 -0.064410  0.080593  0.039113 -0.013242   \n",
       "\n",
       "                Parch      Fare  Embarked  FormalName  \n",
       "PassengerId  0.000798 -0.008921  0.014102    0.039113  \n",
       "Survived     0.133933  0.266229 -0.150419   -0.076397  \n",
       "Pclass      -0.021019 -0.573531  0.075442   -0.064410  \n",
       "Sex         -0.246536 -0.213480  0.106798    0.080593  \n",
       "Age          0.000798 -0.008921  0.014102    0.039113  \n",
       "SibSp        0.425241  0.358262  0.007914   -0.013242  \n",
       "Parch        1.000000  0.330360  0.024229   -0.117400  \n",
       "Fare         0.330360  1.000000 -0.046889   -0.002291  \n",
       "Embarked     0.024229 -0.046889  1.000000    0.066234  \n",
       "FormalName  -0.117400 -0.002291  0.066234    1.000000  "
      ]
     },
     "execution_count": 39,
     "metadata": {},
     "output_type": "execute_result"
    }
   ],
   "source": [
    "# Data analysis\n",
    "\n",
    "#fare = train[['Pclass','Fare','Embarked']]\n",
    "#fare.boxplot(by='Pclass',column=['Fare'])\n",
    "#fare.boxplot(by='Embarked',column=['Fare'])\n",
    "#test.describe()\n",
    "train.corr(method ='kendall')"
   ]
  },
  {
   "cell_type": "code",
   "execution_count": 40,
   "metadata": {},
   "outputs": [
    {
     "data": {
      "text/plain": [
       "0    0.616162\n",
       "1    0.383838\n",
       "Name: Survived, dtype: float64"
      ]
     },
     "execution_count": 40,
     "metadata": {},
     "output_type": "execute_result"
    }
   ],
   "source": [
    "# Default Values\n",
    "train.Survived.value_counts(normalize=True)"
   ]
  },
  {
   "cell_type": "code",
   "execution_count": 41,
   "metadata": {},
   "outputs": [],
   "source": [
    "# Default Submission\n",
    "default_submission=pd.DataFrame({'PassengerId': test.PassengerId, 'Survived': [0]*len(test.PassengerId)})\n",
    "default_submission.to_csv(\"./submission.csv\",index=False)\n"
   ]
  },
  {
   "cell_type": "code",
   "execution_count": 42,
   "metadata": {},
   "outputs": [],
   "source": [
    "# Getting mae model\n",
    "def get_mae(leaf_nodes, train_X, val_X, train_y, val_y):\n",
    "    model = DecisionTreeRegressor(max_leaf_nodes=leaf_nodes, random_state=1)\n",
    "    model.fit(train_X, train_y)\n",
    "    preds_val = model.predict(val_X)\n",
    "    mae = mean_absolute_error(val_y, preds_val)\n",
    "    return(mae)\n",
    "\n",
    "def get_acc(leaf_nodes, train_X, val_X, train_y, val_y):\n",
    "    #model = DecisionTreeClassifier(max_leaf_nodes=leaf_nodes, random_state=1)\n",
    "    #model = DecisionTreeRegressor(max_leaf_nodes=leaf_nodes, random_state=1)\n",
    "    model = RandomForestClassifier(n_estimators=leaf_nodes, random_state=0)\n",
    "    model.fit(train_X, train_y)\n",
    "    preds_val = model.predict(val_X)\n",
    "    acc = accuracy_score(val_y, preds_val)\n",
    "    return(acc)    "
   ]
  },
  {
   "cell_type": "code",
   "execution_count": 43,
   "metadata": {},
   "outputs": [
    {
     "name": "stdout",
     "output_type": "stream",
     "text": [
      "Best leaf nodes: 2  \t\t Accuracy:  0.766816\n"
     ]
    }
   ],
   "source": [
    "# Set features to use\n",
    "titanic_features = [\"Pclass\", \"Sex\", \"Parch\", \"Fare\", \"Embarked\",\"FormalName\",\"SibSp\"]\n",
    "y = train.Survived\n",
    "X = train[titanic_features]\n",
    "# Spliting data into training and validation\n",
    "train_X, val_X, train_y, val_y = train_test_split(X, y, random_state = 0,test_size=0.25)\n",
    "min_acc = 10\n",
    "for leaf_nodes in range(2,100,2):\n",
    "    acc = get_acc(leaf_nodes, train_X, val_X, train_y, val_y)\n",
    "    if acc < min_acc:\n",
    "        min_acc = acc\n",
    "        best_leaf_nodes = leaf_nodes\n",
    "print(\"Best leaf nodes: %d  \\t\\t Accuracy:  %f\" %(best_leaf_nodes, min_acc))"
   ]
  },
  {
   "cell_type": "code",
   "execution_count": 44,
   "metadata": {},
   "outputs": [],
   "source": [
    "#final_model = DecisionTreeClassifier(max_leaf_nodes=best_leaf_nodes,random_state=1)\n",
    "#final_model = DecisionTreeClassifier(max_leaf_nodes=best_leaf_nodes,random_state=1)\n",
    "final_model = RandomForestClassifier(n_estimators=best_leaf_nodes,random_state=0)\n",
    "final_model.fit(X, y)\n",
    "X_test = test[titanic_features]\n",
    "preds_val = final_model.predict(X_test)\n",
    "submission=pd.DataFrame({'PassengerId': test.PassengerId, 'Survived': preds_val})\n",
    "submission.to_csv(\"./submission.csv\",index=False)"
   ]
  }
 ],
 "metadata": {
  "interpreter": {
   "hash": "925eb0230bb1d607bc59c0abb1f969981bb5ed38735e6184e6cc0d17652a7b30"
  },
  "kernelspec": {
   "display_name": "Python 3.10.0 64-bit",
   "language": "python",
   "name": "python3"
  },
  "language_info": {
   "codemirror_mode": {
    "name": "ipython",
    "version": 3
   },
   "file_extension": ".py",
   "mimetype": "text/x-python",
   "name": "python",
   "nbconvert_exporter": "python",
   "pygments_lexer": "ipython3",
   "version": "3.8.8"
  },
  "orig_nbformat": 4
 },
 "nbformat": 4,
 "nbformat_minor": 2
}
